tree
version=v3
num_class=1
num_tree_per_iteration=1
label_index=0
max_feature_idx=4
objective=lambdarank
feature_names=1 2 3 4 5
feature_infos=[-1.9450674719208398:1.6030607466009983] [-1.8592567154685609:1.8370686095498532] [-1.425510848990035:1.4442015753118564] [-1.5423940225588924:1.4826791114105857] [-1.7552987162759432:1.7751624099473411]
tree_sizes=1192 1188 1193 1199 1194

Tree=0
num_leaves=10
num_cat=0
split_feature=2 1 1 2 2 2 1 0 0
split_gain=573.303 92.2011 68.412 51.7523 50.4443 44.8151 25.9955 14.2514 13.2006
threshold=-0.044642615558611258 0.26293017394129486 -0.14502569171282836 0.28908291218306853 -0.29540121069957631 0.15748376333984757 -0.046564852340186501 0.17958382015576238 0.19412113346623686
decision_type=2 2 2 2 2 2 2 2 2
left_child=2 5 4 8 -1 6 -2 -8 -3
right_child=1 3 -4 -5 -6 -7 7 -9 -10
leaf_value=0.056329951147235338 -0.054912881035760731 0.060643281125197693 0.076900732176539588 -0.046792901692208115 -0.023873302796664036 -0.08086031336594314 0.033180258996566438 -0.047975804618489853 -0.0058297957255182831
leaf_weight=42.992168532684445 44.920687792822719 26.758838582783937 155.27816590107977 29.307360257953405 36.03963896073401 141.46138890087605 17.663793381303552 7.7974285110831252 10.360273353755472
leaf_count=680 742 439 2298 485 656 2053 308 137 202
internal_value=0 -0.0485226 0.0576261 0.00287489 0.0197561 -0.064639 -0.0320355 0.00832644 0.0420901
internal_weight=0 278.27 234.31 66.4265 79.0318 211.843 70.3819 25.4612 37.1191
internal_count=8000 4366 3634 1126 1336 3240 1187 445 641
is_linear=0
shrinkage=0.05


Tree=1
num_leaves=10
num_cat=0
split_feature=2 1 2 1 0 2 2 0 0
split_gain=1142.16 313.013 222.958 195.681 162.509 103.797 84.22 81.6175 72.2132
threshold=-0.2118487556015656 0.38197597851457504 -0.44122833791261779 0.12853726637869831 -0.24803337192761657 0.13009519171789496 0.075934392203258858 -0.039687289019364975 0.35104746526938202
decision_type=2 2 2 2 2 2 2 2 2
left_child=2 4 -1 7 6 -3 -2 -4 -5
right_child=1 5 3 8 -6 -7 -8 -9 -10
leaf_value=0.07053901425250908 0.016039583108519169 0.044471298523976452 0.020572565256003428 0.067357223076362979 -0.061050356167507903 -0.026446064179079312 -0.045923867271603684 -0.040084401836598615 -0.0022966905674227469
leaf_weight=399.79394868016243 124.1955494210124 141.17653018608689 98.324815507978201 174.4894852489233 628.65785706043243 81.314636122435331 98.196953620761633 127.20389579236507 47.296703472733498
leaf_count=1056 557 449 365 374 3385 532 745 428 109
internal_value=0 -0.0342506 0.0434058 0.0191552 -0.0480551 0.0185529 -0.0113203 -0.0136395 0.0525033
internal_weight=0 1073.54 847.109 447.315 851.05 222.491 222.393 225.529 221.786
internal_count=8000 5668 2332 1276 4687 981 1302 793 483
is_linear=0
shrinkage=0.05


Tree=2
num_leaves=10
num_cat=0
split_feature=2 1 2 1 2 0 2 0 1
split_gain=954.02 200.275 151.655 127.141 85.8578 62.4916 54.0614 47.8762 44.4133
threshold=-0.10545525618170838 -0.2855418036964823 0.2983036660681066 -0.01628443594890723 -0.32819325770879854 -0.031356896614403808 -0.64388891572256124 0.086415667789310521 0.19848181798698972
decision_type=2 2 2 2 2 2 2 2 2
left_child=1 6 3 -2 8 -5 -1 -6 -3
right_child=2 4 -4 5 7 -7 -8 -9 -10
leaf_value=0.042140032297168145 -0.053380910800273212 0.045429938654938502 -0.071419398365403744 0.025572933041731607 0.039849493638360496 -0.025302945321812792 -0.031062200594585306 -0.0063307230666421899 0.076669624477217035
leaf_weight=31.800231739878654 203.46520260348916 246.5516881197691 276.45806443691254 121.37213073298335 154.26577616482973 120.06845961883664 121.92550825327635 88.21917212381959 211.26140376925468
leaf_count=107 1492 723 1798 752 687 820 656 489 476
internal_value=0 0.03576 -0.0423363 -0.0242645 0.0471043 0.000272347 -0.0159193 0.0230485 0.0598457
internal_weight=0 854.024 721.364 444.906 700.298 241.441 153.726 242.485 457.813
internal_count=8000 3138 4862 3064 2375 1572 763 1176 1199
is_linear=0
shrinkage=0.05


Tree=3
num_leaves=10
num_cat=0
split_feature=2 1 2 1 2 2 0 0 0
split_gain=811.879 202.667 112.797 79.3808 52.2826 50.0743 39.9827 36.1158 34.0505
threshold=0.0083052492751264449 0.021101705154792139 -0.36501882736255425 0.11490280004669194 -0.39862293338717941 0.42921466195259167 0.36983342571744093 0.30843969282684786 0.0040181185244032172
decision_type=2 2 2 2 2 2 2 2 2
left_child=1 2 7 -2 -3 -5 -6 -1 -4
right_child=3 4 8 5 6 -7 -8 -9 -10
leaf_value=0.041530206273173297 -0.0639308174860585 0.069300095383245705 -0.0051532104261097127 -0.0079019185401270359 0.044389422561462152 -0.061845930643233196 -0.010118478064464495 -0.013222517261844723 -0.047701764743448505
leaf_weight=145.10207587480545 326.53242373839021 219.21185823529959 101.34862902760506 142.53251277655363 229.85151834785938 61.617488063871861 39.411480735987425 38.006844639778137 87.718785550445318
leaf_count=599 2395 575 731 1082 1065 453 270 159 671
internal_value=0 0.0299919 0.00219509 -0.0486403 0.0511707 -0.0241835 0.0364112 0.0301655 -0.0248938
internal_weight=0 860.651 372.176 530.682 488.475 204.15 269.263 183.109 189.067
internal_count=8000 4070 2160 3930 1910 1535 1335 758 1402
is_linear=0
shrinkage=0.05


Tree=4
num_leaves=10
num_cat=0
split_feature=2 1 1 2 2 2 2 0 0
split_gain=677.589 115.837 96.2692 66.1708 46.0747 43.5102 41.768 35.0261 32.9386
threshold=-0.080071560488337343 -0.10941423346168931 0.30767037448039308 -0.64388891572256124 0.23783080927723591 -0.31679392481357022 0.19235220012668916 -0.14386614906413089 -0.42644646897455624
decision_type=2 2 2 2 2 2 2 2 2
left_child=1 3 4 -1 8 -3 -4 -5 -2
right_child=2 5 6 7 -6 -7 -8 -9 -10
leaf_value=0.054812980514840674 0.010857535430060657 0.058957652633528326 0.024862916776582124 0.016212609388296325 -0.067101071642310495 0.027900488868819073 -0.030143377236253877 -0.031504019386292735 -0.04300356143599865
leaf_weight=46.804117359220982 33.414026785641909 297.1495357863605 67.615844573825598 63.420266851782799 222.25647592544556 181.7517637014389 70.488453924655914 97.711077980697155 188.61472584679723
leaf_count=188 288 977 462 427 1691 1022 597 710 1638
internal_value=0 0.0336406 -0.0396738 0.0024786 -0.0510077 0.0471709 -0.0032123 -0.0127231 -0.0348978
internal_weight=0 686.837 582.39 207.935 444.285 478.901 138.104 161.131 222.029
internal_count=8000 3324 4676 1325 3617 1999 1059 1137 1926
is_linear=0
shrinkage=0.05


end of trees

feature_importances:
3=21
1=12
2=12

parameters:
[boosting: gbdt]
[objective: lambdarank]
[metric: ndcg]
[tree_learner: serial]
[device_type: cpu]
[data: ]
[valid: ]
[num_iterations: 5]
[learning_rate: 0.05]
[num_leaves: 10]
[num_threads: -1]
[deterministic: 0]
[force_col_wise: 0]
[force_row_wise: 0]
[histogram_pool_size: -1]
[max_depth: -1]
[min_data_in_leaf: 20]
[min_sum_hessian_in_leaf: 0.001]
[bagging_fraction: 1]
[pos_bagging_fraction: 1]
[neg_bagging_fraction: 1]
[bagging_freq: 0]
[bagging_seed: 3]
[feature_fraction: 1]
[feature_fraction_bynode: 1]
[feature_fraction_seed: 2]
[extra_trees: 0]
[extra_seed: 6]
[early_stopping_round: 0]
[first_metric_only: 0]
[max_delta_step: 0]
[lambda_l1: 0]
[lambda_l2: 0]
[linear_lambda: 0]
[min_gain_to_split: 0]
[drop_rate: 0.1]
[max_drop: 50]
[skip_drop: 0.5]
[xgboost_dart_mode: 0]
[uniform_drop: 0]
[drop_seed: 4]
[top_rate: 0.2]
[other_rate: 0.1]
[min_data_per_group: 100]
[max_cat_threshold: 32]
[cat_l2: 10]
[cat_smooth: 10]
[max_cat_to_onehot: 4]
[top_k: 20]
[monotone_constraints: ]
[monotone_constraints_method: basic]
[monotone_penalty: 0]
[feature_contri: ]
[forcedsplits_filename: ]
[refit_decay_rate: 0.9]
[cegb_tradeoff: 1]
[cegb_penalty_split: 0]
[cegb_penalty_feature_lazy: ]
[cegb_penalty_feature_coupled: ]
[path_smooth: 0]
[interaction_constraints: ]
[verbosity: -1]
[saved_feature_importance_type: 0]
[linear_tree: 0]
[max_bin: 255]
[max_bin_by_feature: ]
[min_data_in_bin: 3]
[bin_construct_sample_cnt: 200000]
[data_random_seed: 1]
[is_enable_sparse: 1]
[enable_bundle: 1]
[use_missing: 1]
[zero_as_missing: 0]
[feature_pre_filter: 1]
[pre_partition: 0]
[two_round: 0]
[header: 0]
[label_column: ]
[weight_column: ]
[group_column: ]
[ignore_column: ]
[categorical_feature: ]
[forcedbins_filename: ]
[precise_float_parser: 0]
[objective_seed: 5]
[num_class: 1]
[is_unbalance: 0]
[scale_pos_weight: 1]
[sigmoid: 1]
[boost_from_average: 1]
[reg_sqrt: 0]
[alpha: 0.9]
[fair_c: 1]
[poisson_max_delta_step: 0.7]
[tweedie_variance_power: 1.5]
[lambdarank_truncation_level: 30]
[lambdarank_norm: 1]
[label_gain: 0,1,2,3,4,5,6,7,8,9]
[eval_at: 5,10]
[multi_error_top_k: 1]
[auc_mu_weights: ]
[num_machines: 1]
[local_listen_port: 12400]
[time_out: 120]
[machine_list_filename: ]
[machines: ]
[gpu_platform_id: -1]
[gpu_device_id: -1]
[gpu_use_dp: 0]
[num_gpu: 1]

end of parameters

pandas_categorical:[]
