tree
version=v3
num_class=1
num_tree_per_iteration=1
label_index=0
max_feature_idx=45
objective=lambdarank
feature_names=Column_0 Column_1 Column_2 Column_3 Column_4 Column_5 Column_6 Column_7 Column_8 Column_9 Column_10 Column_11 Column_12 Column_13 Column_14 Column_15 Column_16 Column_17 Column_18 Column_19 Column_20 Column_21 Column_22 Column_23 Column_24 Column_25 Column_26 Column_27 Column_28 Column_29 Column_30 Column_31 Column_32 Column_33 Column_34 Column_35 Column_36 Column_37 Column_38 Column_39 Column_40 Column_41 Column_42 Column_43 Column_44 Column_45
feature_infos=[0:1] [0:1] [0:1] [0:1] [0:1] none none none none none [0:1] [0:1] [0:1] [0:1] [0:1] [0:1] [0:1] [0:1] [0:1] [0:1] [0:1] [0:1] [0:1] [0:1] [0:1] [0:1] [0:1] [0:1] [0:1] [0:1] [0:1] [0:1] [0:1] [0:1] [0:1] [0:1] [0:1] [0:1] [0:1] [0:1] [0:1] [0:1] none [0:1] [0:1] [0:1]
tree_sizes=1192 1195 1200 1194 1196 1199 1201 1192 1191 1193 1205 1195 1197 1205 1193 1195 1197 1194 1205 1197 1199 1199 1187 1202 1206

Tree=0
num_leaves=10
num_cat=0
split_feature=38 38 23 16 37 43 38 21 38
split_gain=287.014 30.4895 24.9395 10.6584 8.7671 6.94337 6.58729 6.5551 6.13479
threshold=0.59190300000000018 0.77172400000000008 0.50243950000000004 0.87750000000000006 0.89626700000000004 0.80199700000000018 0.36809450000000005 0.23098000000000005 0.85697550000000011
decision_type=2 2 2 2 2 2 2 2 2
left_child=2 5 6 -4 -3 -2 -1 -8 -6
right_child=1 4 3 -5 8 -7 7 -9 -10
leaf_value=-0.081297520354831315 0.016693374022155701 0.040184192931213399 -0.036683632604519685 0.035729764293368951 0.028454554542126472 -0.038736016331907291 0.009657943078173456 -0.062080820945992501 0.073377509237549446
leaf_weight=63.905627981581347 69.246406980717438 68.838157696794951 40.120225415659661 5.818498460459522 8.9741242951713485 6.1516668153344645 3.8394040502607849 18.66175745750661 49.626404408598319
leaf_count=2481 2131 1622 1363 68 208 115 81 851 710
internal_value=0 0.0373733 -0.0572795 -0.0275119 0.0522841 0.0121709 -0.0731057 -0.0498399 0.066498
internal_weight=0 202.837 132.346 45.9387 127.439 75.3981 86.4068 22.5012 58.6005
internal_count=9630 4786 4844 1431 2540 2246 3413 932 918
is_linear=0
shrinkage=0.05


Tree=1
num_leaves=10
num_cat=0
split_feature=39 38 38 11 40 24 19 18 39
split_gain=347.292 88.1781 78.9573 44.3879 24.2329 21.106 21.3298 19.8776 25.1479
threshold=0.66309550000000017 0.82951200000000014 0.54212450000000012 0.49018800000000001 0.81666650000000007 0.6874650000000001 0.006588000000000001 0.69398000000000015 0.97886650000000008
decision_type=2 2 2 2 2 2 2 2 2
left_child=2 5 -1 7 -5 -2 -7 8 -3
right_child=1 3 -4 4 -6 6 -8 -9 -10
leaf_value=-0.069728913944811469 -0.010677402610938809 0.01624584288834411 -0.018350154049956092 0.062173665399589233 -0.030614790732600858 -0.029215756806180479 0.045388460183612658 -0.011624931504528238 0.047063272546894845
leaf_weight=157.60677229729481 222.64694112096913 197.89081200584769 142.28218497638591 120.69576521217823 7.472141856327652 13.052117692772297 36.023067365400493 38.505092941224575 99.474846482276917
leaf_count=3868 2193 969 1554 323 25 136 173 163 226
internal_value=0 0.0184852 -0.0453523 0.0317306 0.0567641 -0.00413506 0.0255466 0.0221779 0.0265549
internal_weight=0 735.761 299.889 464.039 128.168 271.722 49.0752 335.871 297.366
internal_count=9630 4208 5422 1706 348 2502 309 1358 1195
is_linear=0
shrinkage=0.05


Tree=2
num_leaves=10
num_cat=0
split_feature=38 38 24 28 21 39 18 32 14
split_gain=294.386 63.5624 33.3574 29.8846 28.8931 25.6229 24.2926 17.3438 17.1537
threshold=0.59741750000000005 0.85347600000000012 0.47230700000000009 0.54800300000000013 0.89049400000000001 0.65859900000000005 0.18561600000000003 0.73522650000000012 0.0028875000000000007
decision_type=2 2 2 2 2 2 2 2 2
left_child=5 3 4 6 -3 -1 -2 -4 -7
right_child=1 2 7 -5 -6 8 -8 -9 -10
leaf_value=-0.060901154958531781 0.0077329815681046639 -0.00068006319620891658 0.03607853359686871 0.022791110093763191 0.033400757160523938 0.041737225239165059 -0.025359343698836148 0.07379164830031619 -0.033789113301800774
leaf_weight=162.7586826228071 99.268159417435527 109.41524646710604 84.620068086311221 94.197170853614807 144.08189248829149 9.0495830248109979 125.65703211538494 47.65422173961997 44.420109729049727
leaf_count=4278 1001 667 294 593 524 62 1536 103 572
internal_value=0 0.0156554 0.0293114 -0.000852597 0.0186907 -0.0510359 -0.0107544 0.0496654 -0.0210065
internal_weight=0 704.894 385.771 319.122 253.497 216.228 224.925 132.274 53.4697
internal_count=9630 4718 1588 3130 1191 4912 2537 397 634
is_linear=0
shrinkage=0.05


Tree=3
num_leaves=10
num_cat=0
split_feature=38 38 28 39 39 28 21 17 16
split_gain=241.008 53.2689 31.1203 24.325 23.8529 19.4609 22.2311 16.9025 16.8518
threshold=0.59741750000000005 0.82951200000000014 0.48007650000000007 0.65859900000000005 0.72204450000000009 0.85977750000000008 0.74795300000000009 0.81101200000000018 0.57359350000000009
decision_type=2 2 2 2 2 2 2 2 2
left_child=3 5 4 -1 -3 -2 -7 -6 -5
right_child=1 2 -4 8 7 6 -8 -9 -10
leaf_value=-0.057818685584807156 -0.009135104982134502 -0.024227537823834348 0.045642673134398931 -0.033537998086765358 0.025849288291505436 0.072077801184640494 -0.0022045762623935212 -0.023268175414689389 0.035671783010828295
leaf_weight=151.71135771018453 214.45907703856938 32.1370431445539 135.41830473951995 37.43091241735965 210.57432625442743 17.056727258488536 24.597720933146775 19.10445211827755 11.496725264936684
leaf_count=4278 2672 219 485 565 1020 64 156 102 69
internal_value=0 0.0147196 0.0261834 -0.0479319 0.0161185 -0.00306084 0.0282127 0.0217637 -0.0172755
internal_weight=0 653.348 397.234 200.639 261.816 256.114 41.6544 229.679 48.9276
internal_count=9630 4718 1826 4912 1341 2892 220 1122 634
is_linear=0
shrinkage=0.05


Tree=4
num_leaves=10
num_cat=0
split_feature=38 38 39 39 28 18 32 0 36
split_gain=204.457 44.4549 25.7571 24.3133 22.2714 19.287 18.5172 15.9979 19.1244
threshold=0.61151850000000008 0.82951200000000014 0.45899550000000006 0.67333300000000007 0.91021550000000018 0.71130950000000015 0.95017100000000021 0.061344500000000003 0.79473000000000005
decision_type=2 2 2 2 2 2 2 2 2
left_child=2 4 -1 -3 7 -6 -5 -2 -9
right_child=1 3 -4 6 5 -7 -8 8 -10
leaf_value=-0.060909711459759576 -0.024839184981135753 -0.028707574554949378 -0.025431364514100881 0.023898910457628431 0.04733134725640336 -0.06001878900182718 0.057979828682639345 -0.0086831984646677327 0.039562495127833497
leaf_weight=102.55108492262661 89.344059072900563 19.735933936201036 102.08060587779619 307.36201832257211 31.851211572997272 4.8168361708521834 45.794199630618095 79.23612388363108 27.728694546967745
leaf_count=3047 1437 142 2035 1547 156 18 137 921 190
internal_value=0 0.0145946 -0.0432113 0.0253 -0.00254008 0.0332295 0.0283182 -0.00922139 0.00382362
internal_weight=0 605.869 204.632 372.892 232.977 36.668 353.156 196.309 106.965
internal_count=9630 4548 5082 1826 2722 174 1684 2548 1111
is_linear=0
shrinkage=0.05


Tree=5
num_leaves=10
num_cat=0
split_feature=38 28 37 19 39 40 19 24 17
split_gain=179.345 35.5159 34.3267 30.5393 19.1972 18.091 17.2815 15.2985 18.1781
threshold=0.59741750000000005 0.65117750000000008 0.72876000000000019 0.0061720000000000013 0.65859900000000005 0.81666650000000007 0.006588000000000001 0.7947725000000001 0.81534100000000009
decision_type=2 2 2 2 2 2 2 2 2
left_child=4 2 -2 -4 -1 7 -3 8 -5
right_child=1 6 3 5 -6 -7 -8 -9 -10
leaf_value=-0.052764117375523979 -0.015894412235512221 -0.00068037558535682247 -0.043787838229911696 0.022392208278061237 -0.014988508658879999 -0.023918793914425772 0.041655981973753448 0.05645722971760319 -0.031077183270208981
leaf_weight=136.9958890460548 127.36888263945002 29.7176026054658 20.656285234261304 219.29991729836911 44.575388055120129 22.490141184069216 127.61068409215659 29.932885129004717 17.137842006981373
leaf_count=4278 1753 204 308 1490 634 167 540 120 136
internal_value=0 0.0132891 0.00595363 0.0149443 -0.0434903 0.0191442 0.0336591 0.0227801 0.0185166
internal_weight=0 594.214 436.886 309.517 181.571 288.861 157.328 266.371 236.438
internal_count=9630 4718 3974 2221 4912 1913 744 1746 1626
is_linear=0
shrinkage=0.05


Tree=6
num_leaves=10
num_cat=0
split_feature=38 37 28 38 38 44 18 30 24
split_gain=157.629 32.8654 19.4201 19.1022 17.8449 17.3775 13.8277 12.7402 12.3359
threshold=0.59741750000000005 0.72250400000000015 0.84768050000000017 0.98220800000000008 0.32788850000000008 0.022079000000000005 0.71130950000000015 0.0033010000000000005 0.62758550000000002
decision_type=2 2 2 2 2 2 2 2 2
left_child=4 2 -2 6 -1 -6 8 -5 -3
right_child=1 3 -4 7 5 -7 -8 -9 -10
leaf_value=-0.058189070753127153 -0.014941284417769299 0.0089848453042126932 0.046588005543688041 0.024391784751119548 -0.049807724889512184 -0.0063384763226140214 -0.02049516046553651 0.057374409961396734 0.03205254331510906
leaf_weight=83.271878972649574 123.36075960169546 189.89107243157923 14.311951503157614 87.92119797039777 42.495612022932619 50.092993896221742 28.634408399928361 43.896104665473104 83.416028986684978
leaf_count=2430 1778 1694 63 363 1550 932 262 160 398
internal_value=0 0.0127393 -0.00854492 0.0194948 -0.0413944 -0.0262897 0.0125619 0.0353752 0.0160253
internal_weight=0 571.432 137.673 433.759 175.86 92.5886 301.942 131.817 273.307
internal_count=9630 4718 1841 2877 4912 2482 2354 523 2092
is_linear=0
shrinkage=0.05


Tree=7
num_leaves=10
num_cat=0
split_feature=38 39 39 38 30 43 16 17 28
split_gain=141.154 36.1053 19.3399 13.585 17.8525 13.1015 22.2135 12.6816 11.0131
threshold=0.73152950000000005 0.50424300000000011 0.70195500000000011 0.98220800000000008 0.14521700000000001 0.011260500000000001 0.23154600000000003 0.44636000000000003 0.50400400000000001
decision_type=2 2 2 2 2 2 2 2 2
left_child=1 -1 -2 -4 5 7 -7 -5 -3
right_child=2 8 3 4 -6 6 -8 -9 -10
leaf_value=-0.050143324945657389 -0.012096346536284504 -0.021260369679765193 0.01468050489384269 0.051039967316737836 0.062491592996737622 -0.039399917595592471 0.031392256857108607 -0.024795933965021416 0.0069367813993424015
leaf_weight=109.20734278275631 48.424514351412654 123.9695492463652 257.11375793907791 41.254940152168274 39.606241278350353 18.249320488423109 28.211554996669292 6.3629514519125214 48.051432239823043
leaf_count=3576 552 2431 1944 150 141 81 110 38 607
internal_value=0 -0.0276584 0.0177093 0.0214026 0.034331 0.0224756 0.00358587 0.0409064 -0.0133839
internal_weight=0 281.228 439.223 390.799 133.685 94.0788 46.4609 47.6179 172.021
internal_count=9630 6614 3016 2464 520 379 191 188 3038
is_linear=0
shrinkage=0.05


Tree=8
num_leaves=10
num_cat=0
split_feature=38 38 28 23 17 39 39 40 28
split_gain=129.967 28.9048 17.1817 14.0376 14.5068 13.8665 12.9548 12.9373 12.4813
threshold=0.59741750000000005 0.82951200000000014 0.48286000000000001 0.96974650000000018 0.76330550000000008 0.65859900000000005 0.94929950000000007 0.78888900000000006 0.91021550000000018
decision_type=2 2 2 2 2 2 2 2 2
left_child=5 8 3 4 6 -1 -3 -5 -2
right_child=1 2 -4 7 -6 -7 -8 -9 -10
leaf_value=-0.04764222742015118 -0.0081742603892980253 0.012934703858944744 0.036989911799961368 0.038960488257158983 -0.049950821068552073 -0.013623210537684064 -0.048526813449767919 -0.042469622491069337 0.024346149226435396
leaf_weight=122.09494191035628 174.496308472706 131.00028948392719 111.84705926384777 59.641655240207911 11.31180419679731 39.69278102950193 9.1740058660507184 5.3121370114386073 35.508247840218246
leaf_count=4278 2710 948 481 219 94 634 52 32 182
internal_value=0 0.0118107 0.0210776 0.0128548 0.00451679 -0.039296 0.00891222 0.0323009 -0.0026756
internal_weight=0 538.292 328.287 216.44 151.486 161.788 140.174 64.9538 210.005
internal_count=9630 4718 1826 1345 1094 4912 1000 251 2892
is_linear=0
shrinkage=0.05


Tree=9
num_leaves=10
num_cat=0
split_feature=38 38 39 24 39 16 28 19 41
split_gain=114.498 26.402 20.8807 18.4449 13.9583 16.1773 13.2356 12.6702 11.1559
threshold=0.60275900000000016 0.98220800000000008 0.70195500000000011 0.62758550000000002 0.6490530000000001 0.54356100000000007 0.92816350000000014 0.0064445000000000014 0.54853000000000007
decision_type=2 2 2 2 2 2 2 2 2
left_child=4 3 -3 6 -1 -6 -2 -5 -9
right_child=1 2 -4 7 5 -7 -8 8 -10
leaf_value=-0.045742358770591449 -0.0042883756337725966 -0.044562613679659149 0.036321985101092788 -0.019583542789738367 -0.030421634621151231 0.039349249001207232 0.034881793665366236 0.039756442367892053 -0.01399776313037083
leaf_weight=117.61047060228884 271.83624667138793 8.5417766049504262 121.12645655684173 13.947940978221594 32.669687449466437 11.141317391768096 23.424608152359724 67.804334816522896 11.254068434238432
leaf_count=4264 3380 50 520 155 636 80 118 353 74
internal_value=0 0.0114594 0.0309938 0.00493561 -0.0367686 -0.0126786 -0.0011808 0.0243529 0.0321045
internal_weight=0 517.935 129.668 388.267 161.421 43.811 295.261 93.0063 79.0584
internal_count=9630 4650 570 4080 4980 716 3498 582 427
is_linear=0
shrinkage=0.05


Tree=10
num_leaves=10
num_cat=0
split_feature=38 38 39 24 4 4 32 28 0
split_gain=104.486 27.1648 13.0994 12.3714 12.8463 11.5405 8.94923 8.84833 8.77918
threshold=0.73152950000000005 0.43703000000000009 0.70195500000000011 0.62758550000000002 0.023325500000000002 0.061993500000000007 0.95017100000000021 0.54800300000000013 0.069236000000000006
decision_type=2 2 2 2 2 2 2 2 2
left_child=1 -1 -2 4 -4 7 -5 -3 -7
right_child=2 5 3 6 -6 8 -8 -9 -10
leaf_value=-0.046136671335015048 -0.0098086202914486557 -0.033885819242758734 -0.027374266898270102 0.024306017136409265 0.016305436628560533 0.050304936951291991 0.057162095869453311 -0.00067533371665374283 -0.0036933145011651932
leaf_weight=94.686870658304542 44.295642693992704 66.242955106077716 18.084981497377157 70.392762881703675 243.12143464572728 8.5925175626762194 29.372970324009657 28.765624740626663 60.713236245093867
leaf_count=3246 552 1778 238 369 1771 95 86 461 1034
internal_value=0 -0.0248055 0.0158528 0.0190018 0.0132812 -0.0125133 0.0339795 -0.0238307 0.00300138
internal_weight=0 259.001 405.268 360.972 261.206 164.314 99.7657 95.0086 69.3058
internal_count=9630 6614 3016 2464 2009 3368 455 2239 1129
is_linear=0
shrinkage=0.05


Tree=11
num_leaves=10
num_cat=0
split_feature=38 21 18 38 4 28 15 45 28
split_gain=92.5887 25.3067 13.2081 12.0747 11.1919 10.914 11.8889 10.7343 10.6137
threshold=0.73152950000000005 0.54395900000000008 0.8944445000000002 0.98220800000000008 0.063123500000000013 0.50218250000000009 0.28561800000000009 0.012507500000000003 0.92816350000000014
decision_type=2 2 2 2 2 2 2 2 2
left_child=1 -1 3 8 -3 6 -5 -8 -2
right_child=2 4 -4 5 -6 -7 7 -9 -10
leaf_value=-0.040792142544728842 0.0064855019347705989 -0.018873857702470589 -0.027227547459489618 0.030045536198200214 0.012628973518548589 0.052508784477486831 0.0098894660876028186 -0.073206838043376118 0.033986544169410569
leaf_weight=117.91285684634931 220.30990041932091 87.897074999287724 17.776086241472512 63.693153947591782 41.506626253947616 37.233019154518843 12.586839374154808 5.6224854905158272 41.72944039478898
leaf_count=4118 2160 1974 165 254 522 155 75 41 166
internal_value=0 -0.0240368 0.0149008 0.0168655 -0.00876923 0.0300635 0.0198598 -0.0157681 0.010865
internal_weight=0 247.317 398.951 381.175 129.404 119.135 81.9025 18.2093 262.039
internal_count=9630 6614 3016 2851 2496 525 370 116 2326
is_linear=0
shrinkage=0.05


Tree=12
num_leaves=10
num_cat=0
split_feature=39 38 38 40 24 29 23 18 17
split_gain=86.9466 25.2525 19.0183 12.4567 11.5104 10.2355 24.5394 10.3031 9.50532
threshold=0.66309550000000017 0.83898250000000008 0.54212450000000012 0.81666650000000007 0.62758550000000002 0.88265750000000021 0.73943400000000004 0.18677350000000001 0.80322600000000011
decision_type=2 2 2 2 2 2 2 2 2
left_child=2 5 -1 4 8 -2 -7 -8 -3
right_child=1 3 -4 -5 -6 6 7 -9 -10
leaf_value=-0.045083299986180381 -0.0087175239721161146 0.021370018780589195 -0.011737291055807376 -0.016276249718419622 0.04263560050736416 0.06124609107177266 -0.055938151286421871 0.011385913209678999 -0.02027847707471581
leaf_weight=95.888865715125576 148.70985870296136 169.45928017888218 77.170326395891607 20.431874407455325 63.850248964503407 19.094406900927424 9.2916939142160135 14.631686616223304 14.904540399089454
leaf_count=3868 2307 1058 1554 152 283 91 79 121 117
internal_value=0 0.0113576 -0.0302137 0.0212504 0.0243395 -0.00250402 0.0189757 -0.0147623 0.018003
internal_weight=0 460.374 173.059 268.646 248.214 191.728 43.0178 23.9234 184.364
internal_count=9630 4208 5422 1610 1458 2598 291 200 1175
is_linear=0
shrinkage=0.05


Tree=13
num_leaves=10
num_cat=0
split_feature=38 39 28 39 37 19 37 43 14
split_gain=81.1852 23.9023 12.8257 12.561 13.3574 9.67162 8.5782 9.10899 9.38602
threshold=0.74100250000000012 0.53595250000000016 0.48286000000000001 0.97886650000000008 0.96915600000000013 0.006588000000000001 0.92469050000000019 9.7500000000000012e-05 0.24932950000000001
decision_type=2 2 2 2 2 2 2 2 2
left_child=1 -1 3 4 6 -4 7 -2 -9
right_child=2 -3 5 -5 -6 -7 -8 8 -10
leaf_value=-0.041348438512429649 -0.024394960132468183 -0.0095466163170920201 -0.0096703716164291634 0.028758785489473582 -0.053808732758956805 0.032677111582200137 0.03596564977648934 -0.0095277306057921854 0.017852044597506125
leaf_weight=98.569955670856871 28.617259928490967 147.49853057321161 15.325147409923373 56.290280353277922 10.198415117338298 112.16226269863546 19.904055896215141 52.595533991698176 77.312211251817644
leaf_count=3901 410 2815 116 276 80 634 126 630 642
internal_value=0 -0.0222858 0.0147254 0.0080308 0.00184515 0.0275866 0.00502615 0.00114145 0.00676684
internal_weight=0 246.068 372.405 244.918 188.627 127.487 178.429 158.525 129.908
internal_count=9630 6716 2914 2164 1888 750 1808 1682 1272
is_linear=0
shrinkage=0.05


Tree=14
num_leaves=10
num_cat=0
split_feature=38 39 39 38 28 43 36 16 17
split_gain=75.4615 21.3364 9.64183 10.0091 9.31742 8.21891 9.69786 10.3281 8.32229
threshold=0.74100250000000012 0.53595250000000016 0.70195500000000011 0.98220800000000008 0.50218250000000009 0.015062000000000001 0.67308100000000015 0.18350150000000001 0.42365950000000002
decision_type=2 2 2 2 2 2 2 2 2
left_child=1 -1 -2 -4 5 8 -7 -8 -5
right_child=2 -3 3 4 -6 6 7 -9 -10
leaf_value=-0.040032559906660117 -0.0088153563596298171 -0.0096431410788090574 0.011098563475153846 0.043002977957174476 0.052596393702259409 0.05000824200914375 -0.065131815842826998 0.0073366210665647084 -0.014935572480651919
leaf_weight=95.589944127015769 39.91412609629333 145.94050766667351 218.07428137259558 37.903792683035135 31.553175784647465 7.1854586936533478 7.3803675081580904 14.727747861295937 7.4095305036753407
leaf_count=3901 508 2815 1886 156 153 31 47 81 52
internal_value=0 -0.0216703 0.0143734 0.0172279 0.0298189 0.0201858 -0.000454457 -0.0168556 0.033529
internal_weight=0 241.53 364.148 324.234 106.16 74.6069 29.2936 22.1081 45.3133
internal_count=9630 6716 2914 2406 520 367 159 128 208
is_linear=0
shrinkage=0.05


Tree=15
num_leaves=10
num_cat=0
split_feature=38 38 24 4 17 37 17 43 16
split_gain=69.4637 20.3732 10.3892 10.0021 9.31895 9.44071 8.60258 10.0354 13.4399
threshold=0.74798750000000014 0.43703000000000009 0.62758550000000002 0.061993500000000007 0.80322600000000011 0.82720550000000015 0.67204300000000006 0.41977950000000003 0.36266900000000007
decision_type=2 2 2 2 2 2 2 2 2
left_child=1 -1 4 -3 5 -2 7 -7 -9
right_child=2 3 -4 -5 -6 6 -8 8 -10
leaf_value=-0.040764566143956238 -0.0011189771890280675 -0.021100740681388359 0.028542371091981829 0.0040869124236311751 -0.020143466055433611 0.020716138916168868 0.064961496419629991 -0.079994734070145457 0.025728831275976183
leaf_weight=82.410408406285569 85.14861803734675 90.907809162512422 93.075982636772096 69.58330371696502 24.707963962573558 126.30560222594067 9.8331157127395254 6.0068382620811445 6.0172610357403755
leaf_count=3246 1052 2345 493 1227 226 912 53 47 29
internal_value=0 -0.0205567 0.014222 -0.0101803 0.00905613 0.0121484 0.0197731 0.0165609 -0.0270871
internal_weight=0 242.902 351.095 160.491 258.019 233.311 148.163 138.33 12.0241
internal_count=9630 6818 2812 3572 2319 2093 1041 988 76
is_linear=0
shrinkage=0.05


Tree=16
num_leaves=10
num_cat=0
split_feature=39 38 38 41 40 21 30 4 14
split_gain=63.988 21.19 14.1932 10.397 10.32 9.07875 8.61383 8.38986 8.06235
threshold=0.66309550000000017 0.82951200000000014 0.54212450000000012 0.65768550000000014 0.81666650000000007 0.32086650000000005 0.78925750000000006 0.063123500000000013 0.0013775000000000003
decision_type=2 2 2 2 2 2 2 2 2
left_child=2 7 -1 5 6 -4 -3 8 -2
right_child=1 4 3 -5 -6 -7 -8 -9 -10
leaf_value=-0.040811706453146211 0.061696581105034655 0.017155499677384153 0.076226655843916871 -0.059490040046688134 -0.017103573077425185 -0.0078645829260083466 0.040601266373497147 0.010355594202264654 -0.01488174603684627
leaf_weight=86.370968688977882 3.5579292792826882 185.00419699121267 3.3951432378962627 9.4780953330919129 18.059858062304556 58.763939597411081 49.69858733844012 67.190060030668974 101.1930620870553
leaf_count=3868 31 1277 34 194 161 1326 268 744 1727
internal_value=0 0.0101062 -0.0271641 -0.0107096 0.0193176 -0.0032715 0.0221202 -0.00343504 -0.0122807
internal_weight=0 424.704 158.008 71.6372 252.763 62.1591 234.703 171.941 104.751
internal_count=9630 4208 5422 1554 1706 1360 1545 2502 1758
is_linear=0
shrinkage=0.05


Tree=17
num_leaves=10
num_cat=0
split_feature=39 38 38 37 23 43 45 10 31
split_gain=55.5289 18.5085 9.9468 8.784 11.8158 8.81464 13.3933 8.16563 8.0757
threshold=0.63298900000000013 0.85697550000000011 0.53839800000000015 0.89626700000000004 0.89827500000000005 0.0033230000000000004 0.15430400000000002 0.29503850000000004 0.43067200000000005
decision_type=2 2 2 2 2 2 2 2 2
left_child=2 8 -1 4 5 6 7 -3 -2
right_child=1 3 -4 -5 -6 -7 -8 -9 -10
leaf_value=-0.039168500230594427 -0.0085570694200221877 0.031369386196278444 -0.011499955873996449 0.027348986096855363 -0.049519562837995301 0.026027810917483407 -0.070812928965467231 -0.02049542003880566 0.012258052946482854
leaf_weight=80.6891599080991 145.31358039239421 16.83996246941388 54.370083071757108 126.83143636398017 8.3411645311862213 51.898566031828523 6.5414838315919033 13.814592914190142 68.59303264436312
leaf_count=3746 2376 122 1302 710 74 358 61 164 717
internal_value=0 0.00863978 -0.0280301 0.0186758 0.00738596 0.0127135 -0.00586348 0.00799631 -0.00188232
internal_weight=0 438.174 135.059 224.267 97.4358 89.0946 37.196 30.6546 213.907
internal_count=9630 4582 5048 1489 779 705 347 286 3093
is_linear=0
shrinkage=0.05


Tree=18
num_leaves=10
num_cat=0
split_feature=38 37 19 24 16 43 41 45 10
split_gain=52.1595 16.9083 9.18674 9.85974 9.85632 8.74158 8.41557 8.88731 8.83608
threshold=0.74798750000000014 0.55032350000000008 0.006323500000000001 0.62758550000000002 0.36474500000000004 0.036790500000000011 0.24757200000000004 0.49626850000000006 0.049450000000000008
decision_type=2 2 2 2 2 2 2 2 2
left_child=1 5 4 -4 -2 -1 8 -8 -3
right_child=2 6 3 -5 -6 -7 7 -9 -10
leaf_value=-0.044842930075031665 -0.041964513462975167 -0.019495051084251869 0.0096848194412464533 0.030233040006758978 0.031367049305435449 -0.014079213467335884 -0.027859190996779117 0.026394691211455681 0.018416080353357064
leaf_weight=64.084407764836214 14.688996325246992 23.22464830474928 233.8134563122876 77.805726112797856 6.6596484687179318 36.099077823688276 51.851881379727274 8.8343495070002955 45.443698147777468
leaf_count=3157 162 528 2175 424 51 1073 1242 97 721
internal_value=0 -0.0183378 0.0126415 0.0148153 -0.0190889 -0.0337579 -0.00639515 -0.0199612 0.00559398
internal_weight=0 229.538 332.968 311.619 21.3486 100.183 129.355 60.6862 68.6683
internal_count=9630 6818 2812 2599 213 4230 2588 1339 1249
is_linear=0
shrinkage=0.05


Tree=19
num_leaves=10
num_cat=0
split_feature=39 38 22 40 32 22 20 20 36
split_gain=48.0465 15.4863 12.9644 9.03946 7.88697 7.76675 7.50815 7.55132 12.3745
threshold=0.66309550000000017 0.86148800000000014 0.59172700000000011 0.81666650000000007 0.93523650000000014 0.92404850000000016 0.76743450000000013 0.65246250000000006 0.71776250000000008
decision_type=2 2 2 2 2 2 2 2 2
left_child=2 -2 -1 4 6 -4 7 -3 -9
right_child=1 3 5 -5 -6 -7 -8 8 -10
leaf_value=-0.03714889423608405 -0.0011878777304971206 0.020264237907942673 -0.0010505890216849962 -0.018061102650070781 0.048320127034321335 -0.061458508069790564 0.02325113142013123 -0.077070900926807767 0.006001807743667615
leaf_weight=85.456528676557355 198.49759707809426 19.487942276522517 54.751394863240421 15.79473008867353 23.6650046762079 5.893758973106741 130.74997481983155 6.9833094291389015 12.519606508314608
leaf_count=4239 2813 159 1123 136 115 60 816 87 82
internal_value=0 0.00881622 -0.0246018 0.0183085 0.0212787 -0.00692129 0.0175086 -0.00174814 -0.0237436
internal_weight=0 407.698 146.102 209.201 193.406 60.6452 169.741 38.9909 19.5029
internal_count=9630 4208 5422 1395 1259 1183 1144 328 169
is_linear=0
shrinkage=0.05


Tree=20
num_leaves=10
num_cat=0
split_feature=38 39 24 4 37 36 24 33 29
split_gain=43.9425 14.8535 8.46575 9.1618 8.11029 10.0742 9.36615 8.74946 6.99631
threshold=0.74798750000000014 0.49443050000000005 0.62758550000000002 0.023325500000000002 0.84965650000000015 0.52626750000000011 0.56231750000000014 0.015522000000000001 0.88563150000000002
decision_type=2 2 2 2 2 2 2 2 2
left_child=1 -1 3 -2 7 -6 -7 -5 -3
right_child=2 8 -4 4 5 6 -8 -9 -10
leaf_value=-0.036002958486926057 -0.030052376548484305 -0.012934501975967631 0.025277396531063808 0.0039388447845576189 -0.079997109765710867 0.022388995888328059 -0.057785832940923987 -0.04396801427841477 0.016943594868720459
leaf_weight=71.479678921983577 15.702038730494676 125.3361567169195 84.288461643271148 90.367875743191689 2.573954038321971 119.61088687181473 3.7571348827332249 10.654398811049758 23.223507022019476
leaf_count=3485 246 3066 493 1046 30 812 29 156 267
internal_value=0 -0.0172749 0.0116259 0.00688418 0.00943956 0.0179047 0.0199473 -0.00111369 -0.00826383
internal_weight=0 220.039 326.955 242.666 226.964 125.942 123.368 101.022 148.56
internal_count=9630 6818 2812 2319 2073 871 841 1202 3333
is_linear=0
shrinkage=0.05


Tree=21
num_leaves=10
num_cat=0
split_feature=22 18 38 44 29 39 24 15 24
split_gain=41.9182 11.1428 10.339 10.2898 10.0047 9.47181 8.85036 7.23932 6.22365
threshold=0.61061600000000016 0.8944445000000002 0.92366300000000012 0.022079000000000005 0.8940530000000001 0.66309550000000017 0.71224500000000013 0.28561800000000009 0.71712300000000007
decision_type=2 2 2 2 2 2 2 2 2
left_child=3 2 8 -1 -5 -4 -6 -7 -2
right_child=1 -3 5 4 6 7 -8 -9 -10
leaf_value=-0.039455942115003591 -0.00029425101932312094 -0.031173788097722917 -0.053554651434040569 -0.019421407390574436 0.062934612014298397 0.028659467568910631 -0.039910886034364101 -0.00062842443018909337 0.019439838678418021
leaf_weight=62.023585815215483 202.3099220932927 17.482035411754623 4.1740996874868861 57.547572868410498 7.4325230559334141 107.81800056714565 2.9111878434196115 26.232426430098712 49.784940003417432
leaf_count=3158 3041 240 44 1859 66 642 55 190 335
internal_value=0 0.00787952 0.00962868 -0.0247337 -0.0112839 0.0206185 0.0339892 0.0229281 0.00360293
internal_weight=0 407.801 390.319 129.915 67.8913 138.225 10.3437 134.05 252.095
internal_count=9630 4492 4252 5138 1980 876 121 832 3376
is_linear=0
shrinkage=0.05


Tree=22
num_leaves=10
num_cat=0
split_feature=37 15 30 16 23 18 17 23 45
split_gain=37.9503 13.3467 12.1625 9.01535 8.35364 8.04757 7.98745 12.1019 6.39078
threshold=0.55032350000000008 0.011835500000000001 0.80003400000000002 0.10045850000000002 0.74545400000000017 0.8944445000000002 0.26393200000000006 0.83125300000000013 0.43534
decision_type=2 2 2 2 2 2 2 2 2
left_child=4 3 5 -2 -1 -3 7 -5 -8
right_child=1 2 -4 6 -6 -7 8 -9 -10
leaf_value=-0.031091984915165728 -0.027270816155448616 0.0086195421098610569 0.032110081596108758 -0.026315591791607362 0.060671430831880417 -0.034712230682099346 -0.023261776130296431 0.049232681973695389 0.020529399018872397
leaf_weight=92.418653352651745 41.549466357799247 257.82897787168622 57.738386607263237 7.7803499135188785 2.5485356636345378 11.179599314928053 29.599844308104366 16.633447490632534 11.595124409068374
leaf_count=4272 958 2872 355 251 26 152 493 156 95
internal_value=0 0.00626601 0.0112879 -0.00904669 -0.0286294 0.00681874 0.00249449 0.0251565 -0.0109359
internal_weight=0 433.905 326.747 107.158 94.9672 269.009 65.6088 24.4138 41.195
internal_count=9630 5332 3379 1953 4298 3024 995 407 588
is_linear=0
shrinkage=0.05


Tree=23
num_leaves=10
num_cat=0
split_feature=39 38 38 40 32 37 29 23 37
split_gain=35.7991 11.9943 10.1693 8.29718 6.85122 6.68198 8.5742 12.1585 13.7905
threshold=0.66309550000000017 0.85697550000000011 0.54212450000000012 0.81666650000000007 0.93523650000000014 0.97440750000000009 0.91305850000000011 0.73943400000000004 0.93744300000000014
decision_type=2 2 2 2 2 2 2 2 2
left_child=2 5 -1 4 -3 6 -2 -8 -9
right_child=1 3 -4 -5 -6 -7 7 8 -10
leaf_value=-0.035283760944120224 -0.0032506010970169783 0.015592204454389467 -0.0078335282755663694 -0.018361021539390201 0.045412185121668697 -0.029201337835164973 0.058184512115959847 -0.045145190797067025 0.072254121496712606
leaf_weight=70.516321271308698 137.85584886325523 165.42056684894487 64.692472292343155 16.081387315876782 21.800061412155628 19.487568152137101 14.692012692801656 8.313826834317295 3.5779482722282401
leaf_count=3868 2332 1199 1554 141 117 231 67 104 17
internal_value=0 0.00773405 -0.0221498 0.0161041 0.0190645 -0.00151765 0.00176311 0.0277628 -0.00982257
internal_weight=0 387.229 135.209 203.302 187.221 183.927 164.44 26.5838 11.8918
internal_count=9630 4208 5422 1457 1316 2751 2520 188 121
is_linear=0
shrinkage=0.05


Tree=24
num_leaves=10
num_cat=0
split_feature=38 28 23 12 45 0 14 4 4
split_gain=33.1567 13.8174 11.5215 8.31351 7.71036 7.46987 11.482 7.00593 7.51677
threshold=0.43703000000000009 0.48007650000000007 0.74545400000000017 0.42650100000000007 1.0000000180025095e-35 0.023084500000000004 0.0022845000000000005 0.17781500000000003 0.20001900000000003
decision_type=2 2 2 2 2 2 2 2 2
left_child=-1 2 7 5 -3 6 -4 -2 -9
right_child=1 4 3 -5 -6 -7 -8 8 -10
leaf_value=-0.033592811243002056 -0.026240406970799782 -0.011994989266082987 0.091763386579115036 -0.032821334203822668 0.022052026162601518 0.012122919704241873 -0.030257009666227675 0.056415948715652788 -0.0073346563983389531
leaf_weight=64.286337283207104 58.147121253306977 19.172284065862186 2.1306908689439323 13.040324902627615 125.33514881180599 165.76481655985117 20.259909794665873 5.2001780350692561 41.719800936290994
leaf_count=3246 1969 272 14 176 1150 1484 426 70 823
internal_value=0 0.00479082 -0.00122236 0.00578575 0.0175349 0.00846146 -0.0186455 -0.0146424 -0.000269127
internal_weight=0 450.77 306.263 201.196 144.507 188.155 22.3906 105.067 46.92
internal_count=9630 6384 4962 2100 1422 1924 440 2862 893
is_linear=0
shrinkage=0.05


end of trees

feature_importances:
Column_38=44
Column_39=26
Column_28=16
Column_24=13
Column_37=12
Column_17=9
Column_4=8
Column_16=8
Column_18=8
Column_23=8
Column_40=7
Column_43=7
Column_19=6
Column_21=5
Column_32=5
Column_45=5
Column_14=4
Column_29=4
Column_30=4
Column_36=4
Column_0=3
Column_15=3
Column_22=3
Column_41=3
Column_10=2
Column_20=2
Column_44=2
Column_11=1
Column_12=1
Column_31=1
Column_33=1

parameters:
[boosting: gbdt]
[objective: lambdarank]
[metric: ndcg]
[tree_learner: serial]
[device_type: cpu]
[data: ]
[valid: ]
[num_iterations: 25]
[learning_rate: 0.05]
[num_leaves: 10]
[num_threads: -1]
[deterministic: 0]
[force_col_wise: 0]
[force_row_wise: 0]
[histogram_pool_size: -1]
[max_depth: -1]
[min_data_in_leaf: 20]
[min_sum_hessian_in_leaf: 0.001]
[bagging_fraction: 1]
[pos_bagging_fraction: 1]
[neg_bagging_fraction: 1]
[bagging_freq: 0]
[bagging_seed: 3]
[feature_fraction: 1]
[feature_fraction_bynode: 1]
[feature_fraction_seed: 2]
[extra_trees: 0]
[extra_seed: 6]
[early_stopping_round: 0]
[first_metric_only: 0]
[max_delta_step: 0]
[lambda_l1: 0]
[lambda_l2: 0]
[linear_lambda: 0]
[min_gain_to_split: 0]
[drop_rate: 0.1]
[max_drop: 50]
[skip_drop: 0.5]
[xgboost_dart_mode: 0]
[uniform_drop: 0]
[drop_seed: 4]
[top_rate: 0.2]
[other_rate: 0.1]
[min_data_per_group: 100]
[max_cat_threshold: 32]
[cat_l2: 10]
[cat_smooth: 10]
[max_cat_to_onehot: 4]
[top_k: 20]
[monotone_constraints: ]
[monotone_constraints_method: basic]
[monotone_penalty: 0]
[feature_contri: ]
[forcedsplits_filename: ]
[refit_decay_rate: 0.9]
[cegb_tradeoff: 1]
[cegb_penalty_split: 0]
[cegb_penalty_feature_lazy: ]
[cegb_penalty_feature_coupled: ]
[path_smooth: 0]
[interaction_constraints: ]
[verbosity: -1]
[saved_feature_importance_type: 0]
[linear_tree: 0]
[max_bin: 255]
[max_bin_by_feature: ]
[min_data_in_bin: 3]
[bin_construct_sample_cnt: 200000]
[data_random_seed: 1]
[is_enable_sparse: 1]
[enable_bundle: 1]
[use_missing: 1]
[zero_as_missing: 0]
[feature_pre_filter: 1]
[pre_partition: 0]
[two_round: 0]
[header: 0]
[label_column: ]
[weight_column: ]
[group_column: ]
[ignore_column: ]
[categorical_feature: ]
[forcedbins_filename: ]
[precise_float_parser: 0]
[objective_seed: 5]
[num_class: 1]
[is_unbalance: 0]
[scale_pos_weight: 1]
[sigmoid: 1]
[boost_from_average: 1]
[reg_sqrt: 0]
[alpha: 0.9]
[fair_c: 1]
[poisson_max_delta_step: 0.7]
[tweedie_variance_power: 1.5]
[lambdarank_truncation_level: 30]
[lambdarank_norm: 1]
[label_gain: 0,1,2]
[eval_at: 5,10]
[multi_error_top_k: 1]
[auc_mu_weights: ]
[num_machines: 1]
[local_listen_port: 12400]
[time_out: 120]
[machine_list_filename: ]
[machines: ]
[gpu_platform_id: -1]
[gpu_device_id: -1]
[gpu_use_dp: 0]
[num_gpu: 1]

end of parameters

pandas_categorical:null
